leaf_id
1
2
3
4
6
7
9
10
11
12
13
14
15
16
17
18
19
20
21
22
25
27
29
33
35
38
39
40
41
44
46
47
49
52
53
54
55
56
59
60
63
65
67
71
72
73
74
77
78
79
80
81
82
83
84
85
86
87
89
90
91
92
93
94
95
96
97
98
99
100
101
104
106
108
110
113
114
115
117
118
121
123
125
127
129
133
135
136
138
142
144
146
148
150
152
154
156
158
160
162
166
168
170
172
174
175
177
179
182
183
186
190
192
194
196
198
200
202
203
205
208
209
210
211
214
216
218
222
224
227
228
229
230
231
232
233
234
235
236
237
240
242
244
246
249
251
252
253
254
258
260
264
266
268
270
273
275
276
277
278
279
281
282
284
285
288
290
294
296
300
302
304
306
308
310
312
316
318
320
322
324
326
328
330
333
334
335
337
339
340
343
345
347
349
351
354
355
357
359
361
365
367
371
373
374
376
378
380
384
386
390
392
394
398
400
402
406
408
410
413
415
417
419
421
424
425
426
427
430
432
434
437
438
440
442
444
446
448
450
452
456
458
459
461
463
464
466
468
470
474
476
478
482
484
488
490
492
496
498
500
503
505
506
508
511
512
513
514
518
520
522
526
528
530
532
534
536
540
542
543
545
547
549
551
555
557
558
560
562
566
568
570
572
576
580
582
584
586
588
590
592
594
596
599
601
603
605
609
611
613
615
617
618
622
624
628
630
633
634
636
637
638
643
645
647
649
651
655
657
661
663
667
669
671
673
675
679
681
683
687
688
690
691
692
694
695
696
699
701
703
705
709
711
712
714
716
719
721
723
725
727
730
733
735
737
739
741
743
745
747
748
749
750
751
752
753
754
756
757
760
762
764
766
770
772
774
780
781
784
786
788
789
792
794
795
797
800
801
804
805
809
811
813
815
817
819
821
823
825
827
829
831
833
835
836
837
839
842
843
844
847
850
852
854
856
858
860
861
863
864
865
866
867
869
870
872
873
874
878
880
882
887
891
893
895
899
901
903
906
908
912
914
916
918
922
924
926
928
930
934
936
938
942
944
946
950
952
954
956
960
962
964
966
970
972
975
977
978
981
983
985
989
991
993
994
996
998
1000
1004
1008
1012
1014
1016
1018
1019
1023
1025
1027
1028
1029
1032
1036
1038
1040
1042
1044
1045
1047
1051
1054
1056
1058
1060
1062
1064
1066
1067
1069
1070
1072
1074
1076
1078
1080
1085
1087
1089
1093
1097
1099
1101
1105
1107
1110
1112
1114
1116
1117
1118
1120
1121
1122
1124
1125
1126
1127
1128
1129
1130
1131
1132
1135
1137
1139
1140
1141
1144
1146
1148
1150
1152
1154
1156
1157
1158
1159
1161
1163
1165
1167
1171
1173
1176
1178
1180
1182
1186
1188
1192
1194
1198
1200
1204
1206
1209
1213
1215
1217
1219
1223
1225
1227
1229
1231
1234
1235
1236
1239
1241
1243
1246
1248
1251
1253
1255
1257
1259
1261
1265
1267
1269
1270
1272
1273
1275
1277
1279
1281
1285
1288
1290
1293
1295
1296
1297
1298
1299
1301
1302
1305
1306
1307
1309
1311
1313
1314
1316
1318
1320
1323
1324
1325
1327
1329
1330
1331
1332
1333
1336
1338
1340
1343
1345
1347
1349
1351
1353
1356
1358
1360
1363
1368
1369
1371
1372
1373
1374
1375
1376
1377
1379
1380
1382
1386
1387
1388
1390
1392
1394
1396
1398
1401
1402
1403
1404
1406
1408
1409
1410
1412
1413
1415
1417
1419
1420
1421
1422
1423
1424
1425
1427
1428
1429
1431
1432
1433
1434
1436
1439
1440
1442
1444
1446
1448
1449
1450
1452
1455
1457
1459
1461
1463
1465
1466
1469
1472
1473
1474
1475
1476
1479
1480
1481
1482
1485
1486
1488
1490
1492
1494
1498
1499
1500
1501
1503
1504
1506
1507
1508
1512
1513
1515
1516
1520
1521
1524
1528
1529
1530
1531
1532
1533
1534
1535
1537
1544
1546
1548
1550
1552
1553
1554
1555
1558
1560
1561
1562
1563
1564
1565
1567
1568
1571
1573
1575
1577
1579
1583
1585
1587
1589
1591
1595
1597
1599
1601
1605
1607
1609
1612
1613
1614
1616
1617
1618
1621
1623
1625
1628
1629
1630
1631
1633
1634
1635
1636
1637
1638
1641
1643
1644
1646
1648
1649
1651
1655
1657
1659
1662
1664
1666
1670
1671
1672
1674
1675
1676
1678
1680
1682
1684
1685
1688
1690
1692
1696
1698
1700
1703
1704
1707
1708
1710
1711
1713
1714
1715
1718
1720
1721
1725
1727
1729
1732
1733
1735
1736
1739
1740
1742
1743
1745
1747
1749
1750
1752
1755
1757
1760
1761
1763
1765
1766
1768
1771
1773
1775
1777
1780
1782
1783
1785
1787
1789
1792
1793
1794
1795
1796
1799
1801
1802
1804
1805
1806
1807
1810
1812
1814
1816
1819
1820
1822
1824
1826
1828
1829
1832
1834
1837
1839
1841
1845
1847
1848
1849
1850
1853
1855
1857
1859
1862
1864
1866
1869
1871
1873
1875
1877
1879
1881
1883
1885
1887
1892
1894
1896
1898
1900
1904
1906
1908
1910
1913
1915
1919
1920
1922
1923
1925
1927
1928
1930
1932
1933
1934
1937
1939
1940
1941
1942
1944
1945
1946
1947
1949
1951
1952
1955
1956
1958
1960
1961
1965
1967
1969
1973
1974
1975
1976
1977
1978
1980
1981
1982
1985
1987
1989
1991
1993
1995
1997
1999
2001
2005
2007
2009
2010
2011
2015
2017
2018
2021
2022
2023
2025
2026
2027
2028
2029
2030
2033
2037
2039
2041
2045
2047
2049
2052
2053
2056
2061
2065
2066
2067
2069
2070
2072
2074
2076
2078
2080
2082
2083
2084
2086
2087
2090
2092
2093
2096
2097
2099
2100
2104
2106
2110
2112
2114
2116
2118
2120
2122
2124
2125
2127
2131
2132
2134
2136
2138
2140
2142
2144
2146
2149
2151
2155
2156
2158
2160
2162
2164
2168
2169
2171
2173
2175
2179
2181
2183
2185
2187
2189
2190
2192
2196
2200
2202
2204
2206
2209
2211
2215
2217
2219
2222
2224
2226
2228
2230
2232
2234
2236
2238
2240
2243
2244
2246
2247
2250
2251
2252
2255
2257
2258
2259
2261
2265
2269
2271
2273
2277
2278
2281
2282
2283
2284
2288
2292
2294
2298
2299
2302
2303
2304
2306
2308
2309
2313
2315
2316
2318
2319
2322
2324
2326
2328
2330
2332
2334
2336
2338
2340
2341
2343
2344
2345
2347
2350
2353
2354
2356
2358
2360
2361
2365
2366
2368
2370
2372
2373
2375
2376
2377
2378
2379
2380
2381
2382
2383
2384
2385
2386
2388
2389
2390
2392
2393
2396
2398
2399
2401
2402
2404
2405
2406
2410
2411
2413
2414
2417
2419
2420
2423
2424
2425
2428
2430
2434
2436
2438
2440
2443
2445
2448
2449
2452
2456
2460
2464
2466
2470
2472
2474
2476
2479
2481
2483
2484
2485
2487
2489
2493
2495
2499
2501
2503
2504
2507
2508
2510
2514
2516
2518
2520
2522
2526
2528
2530
2531
2533
2534
2536
2538
2539
2540
2542
2546
2548
2550
2554
2555
2559
2561
2562
2563
2564
2565
2566
2567
2568
2569
2570
2572
2573
2574
2576
2578
2579
2580
2582
2584
2585
2587
2590
2591
2592
2594
2595
2596
2597
2598
2599
2600
2602
2603
2605
2606
2609
2611
2613
2615
2617
2621
2622
2623
2626
2628
2629
2632
2634
2636
2638
2642
2645
2646
2647
2649
2652
2654
2655
2656
2657
2659
2660
2662
2665
2666
2667
2668
2670
2671
2674
2675
2677
2679
2681
2683
2685
2686
2688
2690
2692
2693
2695
2696
2698
2700
2701
2702
2704
2706
2708
2712
2714
2716
2717
2718
2720
2721
2722
2724
2726
2728
2730
2732
2734
2736
2739
2740
2741
2742
2743
2744
2746
2747
2748
2750
2752
2754
2755
2758
2761
2763
2764
2765
2767
2769
2771
2775
2777
2779
2780
2781
2783
2784
2785
2787
2788
2791
2793
2795
2797
2799
2801
2802
2805
2807
2809
2812
2813
2814
2816
2817
2819
2820
2823
2824
2825
2827
2831
2832
2834
2836
2838
2840
2842
2844
2846
2847
2848
2851
2853
2855
2857
2859
2861
2865
2866
2868
2869
2870
2871
2872
2874
2875
2876
2877
2879
2880
2881
2882
2883
2884
2887
2888
2889
2891
2892
2894
2896
2897
2898
2899
2900
2903
2904
2905
2910
2912
2913
2914
2916
2920
2921
2925
2927
2931
2933
2935
2936
2938
2940
2941
2942
2943
2944
2945
2946
2947
2950
2951
2952
2953
2954
2956
2958
2959
2962
2964
2965
2966
2967
2968
2969
2971
2972
2973
2975
2976
2979
2981
2983
2984
2986
2989
2991
2992
2993
2996
2997
2998
3001
3003
3004
3006
3008
3009
3011
3012
3013
3014
3016
3017
3018
3021
3024
3026
3028
3031
3033
3034
3035
3036
3039
3042
3043
3044
3045
3048
3049
3053
3054
3056
3057
3058
3059
3061
3064
3066
3070
3074
3075
3077
3078
3079
3080
3082
3083
3085
3086
3087
3088
3089
3090
3094
3096
3098
3101
3102
3105
3106
3108
3110
3113
3114
3116
3117
3118
3119
3120
3122
3124
3126
3127
3129
3131
3133
3136
3138
3142
3144
3147
3148
3151
3155
3159
3161
3163
3164
3165
3167
3168
3172
3174
3175
3177
3180
3184
3186
3188
3189
3190
3191
3192
3193
3195
3197
3198
3201
3203
3205
3206
3208
3210
3213
3214
3215
3216
3217
3218
3219
3220
3221
3222
3223
3224
3227
3229
3230
3232
3233
3236
3240
3244
3248
3250
3254
3256
3257
3258
3259
3262
3264
3265
3269
3270
3272
3274
3276
3278
3280
3281
3282
3283
3286
3288
3291
3292
3293
3294
3295
3296
3299
3301
3302
3304
3306
3308
3311
3313
3314
3316
3318
3320
3322
3324
3325
3326
3327
3329
3330
3331
3333
3335
3336
3338
3340
3341
3345
3346
3347
3348
3349
3350
3351
3352
3353
3357
3358
3359
3361
3362
3363
3364
3366
3368
3370
3373
3377
3379
3383
3384
3386
3387
3389
3390
3392
3393
3395
3399
3401
3403
3405
3409
3411
3413
3415
3419
3421
3423
3425
3426
3428
3431
3433
3434
3436
3438
3441
3442
3445
3447
3449
3451
3453
3457
3458
3459
3461
3462
3464
3465
3466
3467
3469
3470
3471
3474
3475
3477
3479
3483
3485
3487
3488
3490
3491
3492
3493
3495
3499
3503
3505
3507
3511
3512
3514
3516
3518
3520
3521
3523
3525
3527
3529
3531
3533
3535
3536
3538
3539
3541
3545
3547
3551
3553
3555
3557
3559
3561
3564
3566
3568
3570
3572
3574
3576
3578
3579
3580
3582
3584
3586
3588
3590
3591
3593
3595
3597
3599
3601
3605
3607
3609
3610
3612
3613
3614
3616
3617
3620
3622
3624
3626
3628
3629
3631
3633
3635
3637
3638
3639
3642
3643
3644
3645
3646
3647
3648
3649
3650
3651
3653
3654
3655
3656
3660
3662
3664
3666
3670
3672
3673
3675
3676
3678
3681
3683
3685
3687
3689
3691
3693
3694
3695
3698
3700
3702
3706
3708
3709
3710
3711
3713
3716
3717
3718
3719
3722
3724
3725
3727
3729
3733
3735
3739
3740
3742
3743
3745
3746
3747
3749
3750
3753
3756
3757
3758
3760
3762
3763
3764
3765
3768
3770
3774
3776
3777
3778
3782
3783
3785
3787
3791
3792
3793
3794
3795
3797
3798
3799
3802
3803
3805
3806
3807
3809
3812
3813
3814
3815
3816
3817
3818
3819
3820
3821
3824
3828
3832
3834
3837
3839
3840
3842
3843
3844
3846
3849
3851
3853
3854
3855
3856
3858
3859
3860
3861
3862
3863
3864
3865
3866
3867
3868
3869
3870
3871
3874
3876
3878
3881
3882
3883
3884
3885
3886
3887
3888
3889
3890
3891
3892
3894
3895
3896
3897
3898
3899
3900
3902
3903
3905
3906
3907
3908
3909
3910
3911
3912
3913
3914
3916
3918
3920
3921
3922
3923
3925
3927
3928
3930
3931
3932
3933
3935
3938
3940
3941
3942
3943
3944
3947
3948
3950
3952
3954
3955
3957
3960
3961
3965
3968
3969
3970
3971
3973
3975
3977
3979
3980
3981
3983
3984
3986
3990
3992
3994
3998
4000
4002
4003
4005
4007
4011
4013
4014
4017
4019
4020
4021
4024
4025
4026
4030
4031
4033
4035
4037
4039
4041
4043
4045
4047
4049
4051
4053
4054
4055
4056
4057
4058
4059
4060
4062
4063
4064
4065
4067
4070
4072
4074
4076
4078
4080
4082
4083
4085
4086
4087
4088
4089
4092
4093
4095
4098
4100
4102
4103
4104
4105
4107
4110
4114
4116
4118
4120
4122
4123
4127
4129
4131
4133
4135
4138
4140
4142
4146
4151
4154
4156
4157
4158
4159
4160
4163
4164
4165
4166
4167
4168
4169
4170
4171
4172
4173
4174
4175
4176
4179
4180
4182
4184
4186
4188
4191
4192
4193
4194
4195
4196
4197
4198
4199
4200
4202
4203
4206
4208
4209
4210
4211
4214
4216
4219
4220
4224
4225
4226
4229
4231
4233
4235
4239
4243
4245
4247
4249
4250
4251
4253
4254
4255
4256
4259
4261
4265
4266
4267
4270
4272
4273
4275
4279
4280
4282
4283
4284
4286
4288
4289
4291
4292
4295
4297
4299
4300
4301
4303
4305
4307
4311
4313
4314
4315
4317
4319
4320
4322
4326
4328
4329
4332
4334
4336
4338
4340
4342
4344
4345
4348
4350
4354
4356
4358
4359
4360
4362
4364
4366
4368
4370
4372
4374
4378
4379
4381
4383
4384
4385
4387
4391
4392
4396
4397
4399
4400
4403
4405
4407
4409
4411
4413
4415
4417
4419
4421
4424
4425
4427
4429
4431
4435
4437
4439
4441
4445
4447
4451
4453
4454
4455
4456
4458
4459
4460
4461
4465
4469
4475
4477
4479
4482
4484
4486
4490
4491
4493
4497
4499
4500
4502
4504
4506
4508
4509
4510
4511
4512
4513
4516
4518
4520
4522
4524
4526
4528
4530
4532
4537
4539
4541
4542
4544
4545
4547
4549
4552
4554
4556
4558
4560
4562
4563
4566
4568
4570
4572
4574
4576
4578
4580
4582
4584
4587
4588
4589
4590
4591
4592
4593
4594
4597
4599
4601
4603
4605
4609
4610
4612
4613
4615
4618
4619
4620
4621
4622
4624
4627
4629
4631
4633
4635
4637
4639
4641
4645
4647
4649
4650
4651
4652
4656
4658
4664
4665
4668
4669
4670
4671
4672
4674
4675
4676
4677
4678
4679
4680
4681
4682
4683
4685
4686
4687
4688
4689
4690
4691
4692
4693
4695
4696
4697
4698
4701
4703
4704
4705
4706
4707
4708
4709
4712
4714
4715
4716
4718
4720
4722
4726
4728
4730
4732
4734
4737
4740
4742
4744
4748
4749
4753
4754
4756
4757
4758
4761
4762
4763
4765
4766
4767
4768
4770
4771
4773
4775
4778
4779
4780
4781
4784
4788
4790
4791
4793
4796
4798
4802
4804
4805
4809
4810
4812
4814
4816
4818
4820
4824
4826
4828
4830
4832
4834
4836
4838
4840
4842
4844
4848
4849
4850
4852
4856
4858
4860
4862
4864
4868
4872
4874
4876
4878
4880
4882
4884
4886
4888
4889
4891
4892
4894
4895
4897
4898
4899
4901
4902
4903
4904
4905
4906
4908
4910
4911
4912
4914
4916
4918
4919
4920
4922
4924
4926
4928
4930
4932
4934
4935
4937
4938
4940
4941
4942
4945
4947
4949
4951
4953
4955
4958
4960
4961
4962
4963
4965
4966
4967
4969
4971
4972
4973
4975
4976
4977
4978
4979
4983
4987
4988
4989
4991
4995
4997
5001
5003
5007
5009
5011
5013
5017
5019
5023
5027
5029
5031
5033
5035
5037
5039
5044
5046
5047
5048
5050
5051
5052
5053
5055
5056
5058
5059
5060
5063
5065
5067
5069
5070
5072
5076
5078
5080
5082
5084
5086
5090
5092
5094
5096
5097
5099
5101
5103
5107
5108
5112
5114
5116
5117
5119
5123
5124
5126
5129
5131
5133
5135
5137
5139
5143
5145
5147
5149
5151
5153
5154
5156
5158
5160
5162
5164
5165
5167
5168
5170
5172
5174
5175
5177
5178
5180
5182
5185
5187
5189
5190
5192
5195
5199
5201
5203
5205
5207
5209
5212
5213
5215
5217
5219
5221
5223
5227
5229
5230
5233
5234
5235
5237
5238
5239
5241
5243
5244
5245
5246
5247
5248
5252
5254
5256
5260
5261
5262
5263
5265
5267
5268
5272
5274
5277
5279
5281
5283
5284
5287
5289
5292
5294
5296
5298
5302
5304
5306
5310
5312
5314
5317
5320
5322
5323
5324
5327
5328
5329
5331
5334
5336
5340
5342
5346
5348
5350
5352
5353
5355
5359
5361
5363
5365
5366
5371
5376
5380
5382
5384
5386
5388
5390
5392
5394
5396
5400
5402
5404
5406
5408
5410
5414
5416
5418
5420
5423
5425
5428
5430
5432
5436
5438
5442
5444
5446
5448
5450
5452
5454
5456
5457
5459
5463
5465
5467
5471
5473
5474
5476
5477
5478
5482
5483
5486
5487
5488
5489
5492
5494
5497
5499
5501
5503
5507
5509
5511
5515
5518
5520
5524
5526
5527
5528
5529
5531
5533
5534
5536
5538
5539
5543
5544
5547
5548
5550
5552
5554
5557
5559
5561
5563
5565
5567
5569
5571
5573
5577
5580
5582
5586
5590
5592
5594
5595
5597
5599
5601
5605
5607
5609
5613
5614
5618
5620
5624
5627
5629
5631
5634
5635
5638
5642
5644
5648
5650
5652
5654
5655
5658
5660
5662
5664
5666
5668
5670
5672
5673
5676
5678
5682
5684
5686
5687
5688
5689
5692
5694
5696
5699
5701
5703
5705
5709
5711
5713
5717
5719
5722
5723
5724
5727
5730
5733
5737
5739
5741
5742
5743
5744
5746
5747
5751
5753
5755
5759
5761
5763
5767
5769
5771
5774
5779
5782
5784
5787
5788
5791
5793
5795
5797
5800
5802
5804
5806
5809
5811
5815
5817
5819
5821
5824
5825
5830
5834
5836
5838
5840
5843
5845
5847
5848
5852
5854
5857
5859
5861
5863
5866
5867
5870
5873
5877
5880
5883
5885
5887
5889
5890
5891
5892
5893
5895
5896
5897
5899
5900
5902
5903
5904
5905
5907
5908
5910
5911
5912
5913
5914
5915
5918
5922
5924
5926
5928
5930
5932
5934
5936
5938
5940
5943
5945
5946
5948
5950
5952
5954
5956
5959
5960
5963
5966
5969
5971
5973
5976
5977
5978
5979
5980
5981
5983
5984
5985
5987
5988
5989
5990
5991
5994
5996
6000
6002
6004
6008
6010
6012
6013
6015
6017
6019
6021
6023
6025
6027
6029
6031
6032
6036
6038
6040
6042
6044
6046
6050
6052
6054
6058
6060
6062
6065
6067
6070
6074
6076
6079
6080
6084
6086
6088
6090
6092
6095
6099
6103
6106
6107
6108
6111
6112
6113
6115
6116
6118
6119
6120
6121
6122
6123
6125
6129
6133
6135
6140
6144
6146
6148
6150
6154
6156
6158
6160
6162
6164
6168
6170
6174
6176
6178
6180
6182
6184
6186
6190
6192
6194
6196
6200
6202
6206
6210
6212
6214
6216
6218
6220
6222
6223
6224
6226
6228
6230
6232
6234
6236
6239
6241
6243
6245
6247
6251
6253
6255
6258
6260
6264
6266
6270
6272
6276
6278
6282
6283
6285
6287
6288
6291
6293
6295
6297
6301
6303
6304
6305
6308
6310
6312
6314
6318
6320
6322
6326
6330
6331
6334
6336
6340
6342
6346
6348
6352
6354
6356
6358
6360
6364
6366
6369
6371
6373
6375
6377
6379
6380
6382
6383
6384
6387
6389
6391
6393
6395
6398
6401
6405
6407
6411
6415
6417
6419
6423
6424
6426
6427
6431
6432
6435
6437
6439
6443
6445
6449
6451
6453
6456
6458
6460
6462
6464
6468
6472
6476
6478
6480
6482
6486
6489
6490
6491
6492
6494
6495
6496
6498
6499
6500
6502
6503
6504
6505
6507
6508
6509
6510
6512
6514
6515
6516
6517
6519
6520
6523
6524
6526
6528
6529
6531
6532
6534
6535
6536
6538
6539
6541
6542
6543
6544
6545
6547
6548
6550
6551
6552
6553
6556
6560
6563
6564
6565
6566
6567
6568
6569
6570
6571
6572
6574
6575
6576
6577
6579
6581
6582
6585
6590
6592
6594
6596
6598
6600
6602
6604
6608
6610
6613
6614
6617
6619
6621
6625
6627
6629
6631
6633
6635
6638
6640
6641
6644
6646
6648
6650
6652
6654
6656
6658
6660
6664
6666
6670
6671
6673
6675
6677
6679
6681
6683
6687
6689
6692
6694
6698
6702
6703
6705
6707
6711
6713
6715
6718
6719
6721
6722
6725
6727
6728
6731
6733
6735
6738
6739
6740
6743
6745
6747
6749
6753
6755
6759
6761
6765
6767
6769
6771
6773
6775
6777
6781
6783
6786
6787
6789
6790
6792
6794
6796
6799
6800
6801
6803
6806
6808
6812
6814
6816
6818
6823
6825
6827
6832
6834
6836
6840
6842
6846
6848
6850
6853
6857
6860
6863
6867
6869
6871
6873
6876
6878
6880
6882
6884
6888
6890
6894
6896
6898
6900
6903
6906
6909
6911
6915
6917
6919
6922
6924
6928
6930
6931
6933
6935
6936
6939
6943
6945
6947
6951
6953
6955
6957
6961
6963
6965
6966
6967
6968
6972
6974
6978
6980
6982
6986
6988
6990
6994
6996
6998
7000
7002
7004
7006
7010
7011
7013
7015
7016
7018
7021
7023
7024
7026
7027
7028
7031
7033
7037
7038
7042
7044
7046
7050
7054
7056
7058
7060
7062
7064
7066
7068
7073
7075
7078
7080
7084
7086
7088
7091
7093
7094
7096
7098
7101
7105
7107
7109
7112
7114
7117
7120
7122
7124
7126
7128
7132
7134
7136
7138
7142
7144
7146
7147
7149
7151
7153
7155
7158
7159
7163
7165
7167
7169
7173
7175
7177
7179
7183
7185
7189
7191
7195
7199
7201
7204
7207
7209
7213
7214
7216
7218
7220
7222
7225
7227
7229
7231
7235
7237
7239
7241
7243
7245
7247
7251
7253
7257
7259
7261
7263
7264
7265
7269
7273
7277
7281
7285
7286
7287
7289
7291
7293
7296
7299
7303
7305
7308
7309
7311
7313
7315
7319
7321
7323
7326
7328
7330
7331
7333
7337
7339
7342
7343
7347
7349
7351
7352
7354
7356
7358
7360
7362
7364
7366
7367
7370
7371
7372
7375
7377
7378
7379
7380
7381
7382
7385
7387
7389
7393
7397
7398
7399
7401
7403
7407
7409
7413
7415
7417
7421
7423
7425
7428
7431
7432
7434
7436
7437
7440
7443
7444
7445
7446
7448
7449
7451
7452
7454
7458
7460
7464
7466
7468
7472
7474
7476
7478
7480
7482
7486
7488
7490
7494
7497
7500
7502
7506
7508
7510
7512
7518
7519
7521
7525
7529
7531
7536
7538
7541
7544
7545
7546
7547
7550
7554
7558
7560
7564
7567
7570
7574
7578
7580
7582
7586
7588
7592
7594
7596
7598
7600
7604
7608
7609
7610
7611
7613
7615
7617
7621
7622
7624
7625
7627
7631
7632
7633
7634
7638
7641
7643
7645
7647
7648
7650
7651
7652
7655
7657
7658
7663
7667
7669
7671
7675
7677
7679
7681
7683
7687
7691
7694
7696
7698
7699
7702
7704
7706
7710
7712
7714
7718
7721
7723
7725
7727
7728
7730
7731
7733
7735
7737
7738
7742
7744
7747
7749
7751
7754
7755
7757
7758
7760
7761
7762
7764
7768
7770
7774
7776
7780
7782
7784
7787
7788
7790
7792
7794
7797
7798
7799
7800
7801
7804
7806
7808
7812
7814
7816
7819
7820
7821
7823
7825
7828
7829
7830
7833
7837
7839
7842
7846
7848
7851
7852
7855
7857
7859
7861
7863
7866
7869
7871
7873
7875
7877
7881
7885
7888
7889
7890
7893
7895
7899
7901
7903
7905
7907
7909
7911
7913
7915
7917
7919
7921
7923
7925
7927
7930
7934
7936
7937
7940
7944
7948
7950
7954
7958
7961
7962
7963
7965
7969
7971
7973
7976
7978
7982
7983
7985
7987
7991
7992
7994
7995
7997
7999
8000
8001
8002
8003
8006
8008
8010
8012
8016
8018
8019
8021
8023
8025
8029
8031
8033
8035
8037
8039
8041
8043
8045
8047
8051
8053
8056
8058
8060
8062
8064
8066
8068
8069
8070
8071
8072
8073
8076
8078
8080
8084
8088
8090
8092
8094
8096
8097
8099
8101
8104
8106
8108
8110
8112
8114
8115
8119
8120
8122
8124
8125
8129
8131
8133
8134
8138
8140
8142
8144
8148
8150
8152
8154
8156
8160
8162
8164
8166
8167
8168
8171
8174
8176
8178
8180
8182
8184
8186
8188
8190
8192
8194
8196
8198
8200
8204
8206
8208
8211
8213
8215
8217
8219
8221
8225
8226
8229
8230
8231
8233
8234
8236
8239
8241
8242
8244
8249
8251
8253
8255
8257
8259
8263
8267
8269
8271
8272
8275
8277
8281
8283
8285
8287
8289
8291
8293
8295
8297
8299
8301
8303
8304
8306
8307
8309
8311
8315
8316
8320
8322
8324
8325
8327
8329
8333
8335
8338
8339
8340
8341
8342
8343
8346
8348
8350
8352
8356
8358
8360
8361
8363
8364
8365
8366
8367
8369
8370
8371
8372
8376
8377
8379
8381
8384
8386
8388
8390
8392
8393
8395
8397
8399
8401
8405
8407
8409
8411
8413
8415
8417
8419
8421
8423
8425
8427
8431
8434
8436
8439
8443
8445
8449
8453
8460
8462
8464
8466
8470
8474
8476
8477
8479
8481
8483
8485
8487
8489
8491
8493
8494
8496
8500
8504
8505
8507
8510
8511
8512
8514
8515
8516
8517
8518
8519
8520
8521
8523
8525
8527
8528
8530
8531
8532
8535
8537
8539
8541
8545
8548
8549
8553
8557
8559
8563
8566
8567
8568
8570
8571
8573
8574
8575
8576
8577
8580
8581
8584
8587
8588
8590
8592
8593
8595
8597
8599
8601
8603
8605
8607
8608
8610
8611
8614
8617
8618
8620
8624
8626
8629
8631
8633
8637
8641
8643
8645
8647
8651
8653
8655
8659
8661
8664
8666
8668
8672
8674
8676
8681
8683
8685
8687
8689
8691
8693
8695
8698
8699
8700
8701
8703
8704
8705
8706
8707
8708
8709
8710
8711
8713
8714
8715
8716
8717
8718
8719
8720
8721
8722
8725
8727
8729
8731
8735
8737
8738
8740
8743
8744
8745
8748
8750
8752
8756
8758
8760
8764
8766
8767
8769
8771
8772
8774
8776
8780
8782
8784
8785
8789
8791
8793
8795
8797
8799
8804
8806
8808
8810
8814
8817
8819
8822
8824
8828
8832
8834
8838
8840
8843
8845
8849
8851
8855
8857
8861
8863
8867
8869
8870
8872
8874
8877
8879
8883
8885
8887
8889
8891
8893
8895
8897
8900
8901
8905
8907
8910
8911
8912
8913
8916
8917
8919
8920
8924
8928
8930
8932
8935
8936
8939
8940
8941
8943
8946
8950
8952
8954
8956
8957
8959
8962
8965
8969
8971
8973
8977
8979
8983
8985
8986
8989
8992
8994
8996
8999
9002
9003
9007
9009
9010
9011
9013
9017
9019
9021
9024
9025
9028
9030
9031
9033
9034
9035
9036
9039
9041
9042
9043
9044
9045
9046
9047
9048
9049
9052
9054
9055
9056
9058
9060
9062
9064
9066
9068
9072
9073
9077
9079
9081
9083
9087
9089
9091
9095
9097
9099
9102
9103
9106
9108
9110
9112
9114
9116
9118
9120
9122
9124
9125
9128
9130
9131
9133
9135
9137
9139
9141
9143
9144
9145
9146
9147
9148
9151
9153
9155
9157
9159
9161
9163
9165
9169
9171
9175
9177
9179
9181
9185
9187
9189
9192
9196
9199
9201
9202
9204
9208
9209
9210
9212
9213
9215
9218
9219
9220
9221
9222
9223
9225
9226
9227
9228
9229
9230
9233
9234
9238
9239
9241
9243
9247
9249
9253
9255
9257
9259
9261
9265
9267
9268
9272
9273
9275
9277
9281
9283
9286
9287
9288
9290
9291
9292
9293
9295
9296
9299
9301
9303
9304
9305
9309
9311
9313
9315
9317
9321
9323
9325
9329
9333
9334
9336
9338
9339
9343
9345
9347
9349
9350
9352
9354
9358
9360
9364
9368
9369
9372
9373
9375
9379
9382
9384
9386
9388
9390
9394
9396
9400
9402
9403
9406
9408
9410
9414
9417
9418
9421
9423
9425
9429
9431
9433
9435
9436
9438
9442
9444
9446
9448
9449
9453
9455
9457
9460
9462
9464
9467
9471
9473
9477
9479
9481
9483
9485
9487
9489
9493
9495
9497
9498
9502
9503
9507
9509
9511
9513
9518
9520
9524
9525
9526
9527
9529
9533
9536
9540
9541
9545
9546
9547
9549
9551
9552
9555
9557
9559
9563
9565
9568
9570
9571
9573
9576
9577
9578
9581
9583
9585
9588
9590
9592
9594
9597
9599
9601
9603
9605
9607
9609
9611
9613
9615
9617
9621
9623
9625
9629
9630
9632
9633
9634
9637
9639
9641
9643
9644
9646
9647
9651
9653
9657
9659
9661
9662
9666
9670
9672
9674
9676
9677
9681
9685
9689
9693
9695
9696
9698
9703
9705
9708
9709
9710
9711
9712
9713
9716
9718
9722
9724
9726
9728
9730
9732
9736
9738
9742
9746
9748
9752
9754
9756
9760
9762
9764
9766
9769
9771
9773
9775
9777
9779
9783
9787
9789
9790
9794
9796
9800
9801
9803
9805
9807
9810
9811
9814
9816
9818
9819
9823
9824
9825
9827
9828
9829
9830
9831
9834
9836
9838
9839
9841
9844
9845
9846
9847
9848
9851
9853
9855
9856
9858
9860
9862
9864
9868
9870
9872
9876
9878
9882
9884
9886
9888
9890
9892
9895
9897
9900
9901
9902
9903
9904
9906
9907
9908
9909
9910
9913
9914
9917
9918
9919
9920
9921
9922
9925
9927
9928
9929
9933
9935
9937
9939
9941
9943
9945
9947
9949
9951
9955
9957
9959
9960
9963
9965
9968
9970
9972
9974
9975
9977
9980
9982
9984
9986
9988
9992
9994
9995
9999
10001
10003
10005
10009
10011
10013
10017
10019
10023
10025
10027
10029
10031
10033
10036
10038
10041
10042
10043
10044
10045
10046
10047
10049
10050
10051
10052
10053
10055
10056
10057
10058
10059
10062
10063
10067
10069
10070
10071
10072
10074
10076
10079
10080
10081
10083
10084
10085
10086
10087
10088
10089
10090
10091
10093
10094
10095
10096
10098
10099
10100
10101
10104
10105
10106
10107
10109
10111
10113
10115
10119
10121
10123
10125
10126
10128
10131
10132
10133
10134
10137
10139
10142
10143
10144
10145
10147
10148
10151
10153
10155
10157
10159
10163
10164
10166
10167
10169
10170
10171
10172
10173
10175
10178
10179
10180
10181
10182
10183
10184
10185
10186
10187
10188
10189
10190
10191
10192
10193
10196
10197
10199
10200
10202
10204
10205
10206
10207
10208
10209
10210
10211
10214
10216
10217
10220
10224
10225
10226
10227
10228
10229
10230
10231
10232
10233
10234
10236
10237
10238
10239
10240
10241
10243
10244
10245
10246
10247
10248
10250
10251
10254
10256
10260
10265
10267
10269
10271
10273
10275
10277
10279
10281
10285
10287
10289
10291
10293
10295
10299
10302
10304
10309
10311
10316
10318
10320
10322
10324
10325
10329
10331
10333
10335
10339
10341
10343
10345
10347
10349
10351
10353
10355
10356
10358
10360
10362
10366
10368
10370
10372
10374
10376
10378
10380
10384
10386
10388
10390
10391
10392
10396
10398
10400
10402
10404
10405
10406
10407
10409
10411
10412
10415
10417
10419
10421
10423
10427
10429
10431
10434
10436
10438
10440
10443
10445
10447
10451
10453
10455
10459
10460
10461
10462
10463
10466
10468
10470
10472
10476
10478
10480
10482
10484
10486
10488
10489
10490
10492
10496
10500
10502
10506
10508
10510
10512
10514
10516
10518
10520
10523
10524
10525
10526
10529
10531
10533
10535
10539
10541
10543
10547
10549
10551
10553
10555
10559
10561
10563
10565
10567
10569
10572
10575
10577
10581
10585
10586
10588
10591
10593
10595
10596
10597
10599
10602
10605
10607
10609
10613
10617
10620
10621
10623
10626
10628
10630
10632
10634
10636
10638
10642
10643
10644
10645
10646
10647
10648
10649
10651
10652
10653
10655
10656
10657
10659
10660
10661
10664
10666
10668
10670
10672
10675
10677
10681
10683
10685
10687
10689
10691
10695
10697
10699
10701
10703
10706
10707
10708
10710
10714
10715
10718
10720
10721
10723
10724
10725
10726
10729
10731
10733
10736
10738
10742
10744
10746
10748
10749
10753
10755
10759
10760
10763
10765
10767
10769
10771
10775
10777
10778
10780
10782
10783
10785
10786
10787
10788
10790
10791
10793
10794
10795
10797
10798
10800
10802
10803
10804
10806
10808
10809
10811
10813
10814
10815
10817
10819
10821
10823
10825
10827
10829
10831
10832
10836
10839
10841
10843
10845
10847
10849
10850
10851
10852
10854
10856
10858
10861
10862
10864
10865
10867
10869
10870
10872
10873
10874
10875
10879
10881
10883
10884
10886
10888
10889
10890
10891
10892
10893
10897
10898
10900
10901
10903
10905
10907
10909
10913
10915
10919
10920
10923
10925
10929
10931
10933
10935
10936
10938
10940
10941
10943
10944
10946
10948
10950
10951
10952
10954
10955
10958
10960
10962
10965
10966
10967
10968
10970
10972
10976
10980
10982
10984
10987
10989
10991
10994
10996
10997
10998
10999
11000
11003
11005
11009
11011
11013
11015
11019
11022
11024
11026
11028
11030
11031
11033
11035
11037
11039
11041
11043
11048
11050
11051
11053
11054
11056
11058
11060
11062
11065
11068
11070
11072
11074
11075
11076
11077
11078
11079
11081
11082
11083
11085
11087
11089
11091
11093
11095
11096
11098
11099
11102
11104
11106
11110
11112
11113
11116
11118
11120
11121
11124
11126
11127
11128
11130
11131
11134
11135
11137
11141
11145
11146
11147
11148
11151
11153
11155
11157
11161
11163
11165
11167
11169
11170
11173
11175
11177
11179
11181
11185
11187
11189
11193
11197
11198
11199
11201
11203
11205
11209
11211
11216
11217
11218
11220
11222
11226
11228
11230
11232
11233
11236
11240
11244
11246
11248
11250
11252
11254
11256
11258
11260
11263
11265
11269
11271
11275
11277
11281
11283
11287
11290
11293
11295
11297
11298
11301
11303
11306
11310
11312
11314
11316
11318
11322
11324
11326
11330
11332
11334
11336
11340
11343
11345
11347
11349
11351
11353
11355
11357
11359
11360
11362
11364
11368
11370
11372
11374
11376
11378
11380
11382
11384
11385
11389
11393
11395
11397
11399
11401
11405
11407
11409
11411
11413
11415
11417
11419
11423
11425
11427
11431
11433
11435
11437
11439
11441
11443
11445
11447
11449
11453
11456
11457
11458
11459
11460
11461
11462
11464
11467
11471
11473
11475
11477
11478
11479
11480
11481
11482
11485
11487
11489
11493
11495
11497
11498
11499
11503
11505
11509
11511
11513
11515
11522
11527
11529
11530
11534
11538
11540
11544
11546
11548
11550
11552
11554
11556
11558
11560
11562
11566
11568
11570
11572
11576
11578
11582
11584
11586
11590
11592
11596
11598
11600
11602
11604
11608
11610
11614
11616
11618
11620
11624
11626
11628
11629
11632
11634
11636
11638
11640
11644
11646
11648
11650
11653
11657
11661
11663
11664
11666
11668
11669
11673
11677
11678
11680
11682
11686
11688
11690
11692
11696
11699
11700
11701
11702
11703
11704
11705
11706
11707
11710
11712
11715
11717
11718
11719
11720
11721
11724
11728
11731
11733
11736
11738
11740
11744
11746
11750
11752
11754
11758
11760
11761
11763
11765
11767
11769
11771
11773
11775
11777
11779
11781
11783
11785
11787
11789
11793
11795
11799
11801
11803
11805
11807
11809
11811
11813
11817
11819
11821
11825
11827
11829
11831
11833
11836
11837
11840
11842
11844
11848
11850
11852
11854
11858
11860
11862
11866
11868
11872
11874
11876
11878
11882
11884
11886
11888
11890
11892
11894
11898
11899
11900
11904
11905
11906
11907
11908
11909
11910
11913
11915
11916
11917
11918
11919
11920
11921
11924
11926
11928
11930
11934
11936
11937
11938
11942
11944
11946
11947
11949
11951
11953
11955
11957
11961
11963
11965
11967
11969
11972
11973
11975
11978
11982
11984
11988
11990
11994
11996
11998
12002
12006
12007
12009
12011
12013
12017
12019
12023
12025
12027
12030
12032
12033
12035
12037
12041
12042
12043
12045
12047
12048
12052
12054
12056
12058
12060
12061
12062
12063
12065
12068
12070
12071
12073
12075
12076
12078
12079
12082
12083
12086
12087
12089
12090
12093
12097
12099
12102
12104
12106
12108
12110
12114
12116
12118
12122
12126
12129
12132
12134
12136
12140
12142
12143
12145
12147
12148
12149
12153
12155
12157
12159
12161
12163
12165
12167
12168
12170
12173
12175
12177
12180
12181
12183
12185
12187
12191
12195
12197
12199
12201
12203
12205
12207
12209
12213
12215
12219
12221
12223
12225
12227
12228
12230
12233
12235
12237
12241
12243
12245
12247
12249
12253
12255
12257
12259
12261
12265
12267
12271
12273
12275
12277
12279
12281
12283
12287
12290
12292
12294
12296
12300
12301
12303
12307
12309
12311
12313
12314
12317
12319
12321
12322
12325
12327
12329
12331
12335
12337
12341
12345
12347
12349
12353
12355
12358
12360
12363
12364
12365
12367
12369
12372
12374
12376
12378
12380
12382
12384
12386
12388
12390
12392
12394
12396
12400
12402
12404
12406
12408
12412
12413
12415
12417
12419
12421
12425
12426
12428
12430
12432
12436
12438
12440
12442
12446
12447
12449
12451
12453
12455
12456
12457
12460
12462
12463
12466
12468
12472
12474
12475
12479
12481
12485
12487
12491
12492
12494
12496
12498
12500
12502
12504
12505
12508
12510
12512
12516
12518
12520
12522
12524
12526
12527
12531
12533
12537
12539
12540
12544
12545
12547
12549
12551
12553
12554
12556
12560
12562
12564
12566
12570
12571
12573
12576
12578
12582
12586
12588
12592
12594
12596
12598
12600
12602
12605
12607
12609
12612
12614
12616
12618
12620
12622
12625
12627
12631
12633
12636
12637
12638
12640
12642
12646
12650
12652
12654
12658
12660
12663
12664
12665
12667
12669
12671
12672
12675
12676
12678
